function [xd ] = linmodel(in )
x=in(4:9);
tau=in(1:3);

B=[0 0 0; 0 0 0; 0 0 0; 25.509032748496242 0 0;0 22.552424969495092 -23.766087136262560; 0 -23.766087136262560  55.348093019453124];
A=[zeros(3),eye(3);zeros(3),[0 0 0;0 0.2142 -0.2258;0 -0.1759 0.4096]];
xd=A*x+B*tau;
end

